function V = posocp(sto)
    y = sto;
    num = -4.656 + 88.669 * y.^2 - 401.119 * y.^4 + 342.909 * y.^6 ...
          - 462.471 * y.^8 + 433.434 * y.^10;
    den = -1 + 18.933 * y.^2 - 79.532 * y.^4 + 37.311 * y.^6 ...
          - 73.083 * y.^8 + 95.96 * y.^10;
    V = num ./ den;
end